Codon#	#Property
30	6817
144	2723
79	5272
122	4913
146	4291
117	3603
140	2120
72	2829
138	2568
84	4240
114	469
54	1498
57	3710
80	3710
87	2650
116	6798
85	5300
68	4512
150	389
151	1220
106	3191
159	1007
7	1752
45	3614
49	2013
134	1590
56	2650
65	4380
69	1203
47	1250
110	1240
115	2120
62	1678
39	4706
143	778
130	1590
77	530
109	1332
164	2406
128	2334
42	2650
113	530
27	473
37	530
83	423
93	423
99	427
66	423
105	379
135	389
71	427
118	427
132	1060
19	802
40	1508
44	855
46	449
121	438
70	389
16	428
53	530
131	1060
120	876
137	427
48	855
149	441
152	442
64	1203
156	1185
9	449
20	389
22	448
51	530
74	389
75	448
90	427
95	449
100	530
102	462
104	389
107	379
111	428
141	530
148	530
155	401
161	530
